0 1.19216e-005
0.00123115 1.22025e-005
0.00246229 1.29457e-005
0.00369344 1.41788e-005
0.00492458 1.59491e-005
0.00615573 1.83223e-005
0.00738687 2.1391e-005
0.00861802 2.52663e-005
0.00984917 3.01004e-005
0.0110803 3.60729e-005
0.0123115 4.34123e-005
0.0135426 5.23952e-005
0.0147737 6.33633e-005
0.0160049 7.67305e-005
0.017236 9.30027e-005
0.0184672 0.000112787
0.0196983 0.000136847
0.0209295 0.000166081
0.0221606 0.000201614
0.0233918 0.000244778
0.0246229 0.000297212
0.0258541 0.000360907
0.0270852 0.00043824
0.0283164 0.000532164
0.0295475 0.000646242
0.0307786 0.000784702
0.0320098 0.000952935
0.0332409 0.00115724
0.0344721 0.00140536
0.0357032 0.00170663
0.0369344 0.00207252
0.0381655 0.00251666
0.0393967 0.00305584
0.0406278 0.00371011
0.041859 0.00450489
0.0430901 0.00546955
0.0443212 0.00664048
0.0455524 0.00806107
0.0467835 0.0097847
0.0480147 0.0118739
0.0492458 0.0144071
0.050477 0.0174761
0.0517081 0.0211922
0.0529393 0.0256873
0.0541704 0.0311181
0.0554016 0.0376706
0.0566327 0.0455627
0.0578638 0.0550441
0.059095 0.0664025
0.0603261 0.0799576
0.0615573 0.0960584
0.0627884 0.115071
0.0640196 0.137365
0.0652507 0.163279
0.0664819 0.193082
0.067713 0.226963
0.0689442 0.264888
0.0701753 0.306713
0.0714065 0.352036
0.0726376 0.400191
0.0738687 0.450379
0.0750999 0.501573
0.076331 0.552753
0.0775622 0.602883
0.0787933 0.650996
0.0800245 0.696324
0.0812556 0.738267
0.0824868 0.776449
0.0837179 0.810707
0.0849491 0.840986
0.0861802 0.867434
0.0874113 0.890278
0.0886425 0.909803
0.0898736 0.926339
0.0911048 0.940226
0.0923359 0.951808
0.0935671 0.961387
0.0947982 0.969261
0.0960294 0.975702
0.0972605 0.980923
0.0984917 0.985156
0.0997228 0.988535
0.100954 0.991245
0.102185 0.993391
0.103416 0.995071
0.104647 0.996398
0.105879 0.997407
0.10711 0.998199
0.108341 0.998792
0.109572 0.999232
0.110803 0.999558
0.112034 0.999775
0.113265 0.999916
0.114497 0.999983
0.115728 0.999994
0.116959 0.999912
0.11819 0.999756
0.119421 0.999506
0.120652 0.999168
0.121883 0.9987
0.123115 0.998066
0.124346 0.997226
0.125577 0.996144
0.126808 0.994755
0.128039 0.992981
0.12927 0.990722
0.130501 0.987885
0.131733 0.984314
0.132964 0.979895
0.134195 0.974419
0.135426 0.967679
0.136657 0.959447
0.137888 0.94945
0.139119 0.937385
0.140351 0.92292
0.141582 0.90573
0.142813 0.885459
0.144044 0.861778
0.145275 0.834392
0.146506 0.803116
0.147737 0.767805
0.148969 0.728512
0.1502 0.68546
0.151431 0.639039
0.152662 0.58989
0.153893 0.538798
0.155124 0.48672
0.156356 0.434672
0.157587 0.383701
0.158818 0.334727
0.160049 0.288497
0.16128 0.245616
0.162511 0.206354
0.163742 0.170849
0.164974 0.138962
0.166205 0.11043
0.167436 0.0848532
0.168667 0.0617427
0.169898 0.0405407
0.171129 0.020652
0.17236 0.00144979
0.173592 -0.0177035
0.174823 -0.0374465
0.176054 -0.0584097
0.177285 -0.0811933
0.178516 -0.106361
0.179747 -0.134417
0.180978 -0.165771
0.18221 -0.200718
0.183441 -0.239411
0.184672 -0.281763
0.185903 -0.327507
0.187134 -0.376098
0.188365 -0.426829
0.189596 -0.478779
0.190828 -0.53091
0.192059 -0.582217
0.19329 -0.631733
0.194521 -0.678612
0.195752 -0.722208
0.196983 -0.762089
0.198214 -0.797998
0.199446 -0.829895
0.200677 -0.857862
0.201908 -0.882079
0.203139 -0.902857
0.20437 -0.920486
0.205601 -0.935348
0.206832 -0.947754
0.208064 -0.958046
0.209295 -0.966525
0.210526 -0.973479
0.211757 -0.979134
0.212988 -0.983707
0.214219 -0.987397
0.21545 -0.990337
0.216682 -0.992676
0.217913 -0.994511
0.219144 -0.995956
0.220375 -0.997084
0.221606 -0.997946
0.222837 -0.998616
0.224069 -0.999104
0.2253 -0.999464
0.226531 -0.999721
0.227762 -0.999889
0.228993 -0.999982
0.230224 -1
0.231455 -0.999944
0.232687 -0.999814
0.233918 -0.999603
0.235149 -0.999284
0.23638 -0.998867
0.237611 -0.99828
0.238842 -0.997531
0.240073 -0.996527
0.241305 -0.99526
0.242536 -0.993603
0.243767 -0.991515
0.244998 -0.988882
0.246229 -0.985569
0.24746 -0.981459
0.248691 -0.976344
0.249923 -0.970046
0.251154 -0.962327
0.252385 -0.95294
0.253616 -0.941588
0.254847 -0.927943
0.256078 -0.911677
0.257309 -0.892455
0.258541 -0.869924
0.259772 -0.843792
0.261003 -0.813811
0.262234 -0.779822
0.263465 -0.741819
0.264696 -0.699958
0.265927 -0.654594
0.267159 -0.606251
0.26839 -0.555692
0.269621 -0.503838
0.270852 -0.451673
0.272083 -0.400233
0.273314 -0.350499
0.274545 -0.303313
0.275777 -0.259269
0.277008 -0.218808
0.278239 -0.18207
0.27947 -0.149026
0.280701 -0.119434
0.281932 -0.0929385
0.283164 -0.0690778
0.284395 -0.0473149
0.285626 -0.027063
0.286857 -0.00770564
0.288088 0.0113929
0.289319 0.0308735
0.29055 0.0513691
0.291782 0.0734918
0.293013 0.0978198
0.294244 0.124877
0.295475 0.155111
0.296706 0.188864
0.297937 0.22632
0.299168 0.267483
0.3004 0.312156
0.301631 0.359899
0.302862 0.410026
0.304093 0.46169
0.305324 0.513871
0.306555 0.565551
0.307786 0.615753
0.309018 0.663579
0.310249 0.708314
0.31148 0.749444
0.312711 0.786685
0.313942 0.819889
0.315173 0.849113
0.316404 0.87453
0.317636 0.896403
0.318867 0.915037
0.320098 0.930766
0.321329 0.943937
0.32256 0.954886
0.323791 0.963944
0.325022 0.971362
0.326254 0.977406
0.327485 0.982323
0.328716 0.986268
0.329947 0.989439
0.331178 0.991956
0.332409 0.993957
0.33364 0.995527
0.334872 0.996752
0.336103 0.997682
0.337334 0.998407
0.338565 0.998962
0.339796 0.999356
0.341027 0.999652
0.342259 0.999841
0.34349 0.999958
0.344721 1
0.345952 0.999968
0.347183 0.999861
0.348414 0.99968
0.349645 0.999405
0.350877 0.99902
0.352108 0.998496
0.353339 0.997789
0.35457 0.996896
0.355801 0.995707
0.357032 0.994193
0.358263 0.992256
0.359495 0.989817
0.360726 0.986746
0.361957 0.982911
0.363188 0.978135
0.364419 0.972252
0.36565 0.965028
0.366881 0.956212
0.368113 0.945538
0.369344 0.932691
0.370575 0.917328
0.371806 0.899108
0.373037 0.877686
0.374268 0.852771
0.375499 0.824072
0.376731 0.7914
0.377962 0.754712
0.379193 0.714097
0.380424 0.669819
0.381655 0.622377
0.382886 0.572445
0.384117 0.520901
0.385349 0.468735
0.38658 0.416942
0.387811 0.366549
0.389042 0.318448
0.390273 0.273333
0.391504 0.231673
0.392735 0.193711
0.393967 0.159461
0.395198 0.128769
0.396429 0.101306
0.39766 0.0766382
0.398891 0.05425
0.400122 0.0335698
0.401354 0.0139893
0.402585 -0.00512336
0.403816 -0.0244083
0.405047 -0.0445023
0.406278 -0.0660259
0.407509 -0.08957
0.40874 -0.115681
0.409972 -0.14483
0.411203 -0.177395
0.412434 -0.213621
0.413665 -0.253589
0.414896 -0.297162
0.416127 -0.343958
0.417358 -0.393396
0.41859 -0.444654
0.419821 -0.496782
0.421052 -0.548745
0.422283 -0.599535
0.423514 -0.64821
0.424745 -0.694019
0.425976 -0.736379
0.427208 -0.774913
0.428439 -0.809456
0.42967 -0.83997
0.430901 -0.86661
0.432132 -0.889617
0.433363 -0.909263
0.434594 -0.925911
0.435826 -0.939886
0.437057 -0.951528
0.438288 -0.961159
0.439519 -0.96909
0.44075 -0.975571
0.441981 -0.98083
0.443212 -0.985064
0.444444 -0.988478
0.445675 -0.991191
0.446906 -0.993348
0.448137 -0.995057
0.449368 -0.996371
0.450599 -0.997411
0.45183 -0.998194
0.453062 -0.998798
0.454293 -0.999236
0.455524 -0.999563
0.456755 -0.999795
0.457986 -0.999936
0.459217 -1
0.460448 -0.999993
0.46168 -0.99991
0.462911 -0.999752
0.464142 -0.999501
0.465373 -0.999161
0.466604 -0.998691
0.467835 -0.998054
0.469067 -0.99721
0.470298 -0.996124
0.471529 -0.994729
0.47276 -0.992948
0.473991 -0.990681
0.475222 -0.987832
0.476453 -0.984247
0.477685 -0.979811
0.478916 -0.974316
0.480147 -0.967552
0.481378 -0.959293
0.482609 -0.949264
0.48384 -0.937161
0.485071 -0.922652
0.486303 -0.905415
0.487534 -0.885088
0.488765 -0.861347
0.489996 -0.833896
0.491227 -0.802552
0.492458 -0.767174
0.493689 -0.727816
0.494921 -0.684703
0.496152 -0.63823
0.497383 -0.58904
0.498614 -0.537923
0.499845 -0.485837
0.501076 -0.433799
0.502307 -0.382853
0.503539 -0.333921
0.50477 -0.287745
0.506001 -0.244922
0.507232 -0.205724
0.508463 -0.170281
0.509694 -0.138453
0.510925 -0.109975
0.512157 -0.0844438
0.513388 -0.0613702
0.514619 -0.0401954
0.51585 -0.0203236
0.517081 -0.0011276
0.518312 0.0180304
0.519543 0.0377889
0.520775 0.0587779
0.522006 0.0815972
0.523237 0.10681
0.524468 0.134918
0.525699 0.166331
0.52693 0.20134
0.528162 0.240096
0.529393 0.282507
0.530624 0.328307
0.531855 0.37694
0.533086 0.427698
0.534317 0.479661
0.535548 0.531788
0.53678 0.583071
0.538011 0.632548
0.539242 0.679377
0.540473 0.722913
0.541704 0.762729
0.542935 0.798571
0.544166 0.830399
0.545398 0.858301
0.546629 0.882459
0.54786 0.90318
0.549091 0.920759
0.550322 0.935577
0.551553 0.947945
0.552784 0.958203
0.554016 0.966654
0.555247 0.973585
0.556478 0.97922
0.557709 0.983775
0.55894 0.987452
0.560171 0.990381
0.561402 0.992711
0.562634 0.994539
0.563865 0.995977
0.565096 0.997099
0.566327 0.99796
0.567558 0.998625
0.568789 0.999112
0.57002 0.999468
0.571252 0.999725
0.572483 0.999891
0.573714 0.999983
0.574945 1
0.576176 0.999943
0.577407 0.999812
0.578638 0.999598
0.57987 0.999278
0.581101 0.998858
0.582332 0.998269
0.583563 0.997517
0.584794 0.996508
0.586025 0.995235
0.587257 0.993571
0.588488 0.991475
0.589719 0.988832
0.59095 0.985507
0.592181 0.981382
0.593412 0.976249
0.594643 0.969928
0.595875 0.962182
0.597106 0.952766
0.598337 0.941378
0.599568 0.927691
0.600799 0.911378
0.60203 0.892104
0.603261 0.869513
0.604493 0.843319
0.605724 0.81327
0.606955 0.779212
0.608186 0.741143
0.609417 0.699219
0.610648 0.653799
0.611879 0.605413
0.613111 0.554825
0.614342 0.502957
0.615573 0.450796
0.616804 0.399377
0.618035 0.349679
0.619266 0.302542
0.620497 0.258555
0.621729 0.218156
0.62296 0.181481
0.624191 0.148498
0.625422 0.118962
0.626653 0.0925148
0.627884 0.0686942
0.629115 0.0469618
0.630347 0.0267303
0.631578 0.00738262
0.632809 -0.011717
0.63404 -0.0312096
0.635271 -0.0517276
0.636502 -0.0738829
0.637733 -0.0982528
0.638965 -0.12536
0.640196 -0.155652
0.641427 -0.189467
0.642658 -0.226986
0.643889 -0.268211
0.64512 -0.312938
0.646351 -0.360728
0.647583 -0.410889
0.648814 -0.46257
0.650045 -0.51475
0.651276 -0.566415
0.652507 -0.616583
0.653738 -0.664362
0.65497 -0.709041
0.656201 -0.750106
0.657432 -0.787279
0.658663 -0.820416
0.659894 -0.849573
0.661125 -0.874928
0.662356 -0.896744
0.663588 -0.915327
0.664819 -0.931009
0.66605 -0.944139
0.667281 -0.955054
0.668512 -0.964082
0.669743 -0.971474
0.670974 -0.977498
0.672206 -0.982398
0.673437 -0.986328
0.674668 -0.989486
0.675899 -0.991994
0.67713 -0.993987
0.678361 -0.99555
0.679592 -0.996771
0.680824 -0.997696
0.682055 -0.998418
0.683286 -0.998969
0.684517 -0.999362
0.685748 -0.999656
0.686979 -0.999844
0.68821 -0.999959
0.689442 -1
0.690673 -0.999966
0.691904 -0.999859
0.693135 -0.999677
0.694366 -0.999399
0.695597 -0.999013
0.696828 -0.998485
0.69806 -0.997775
0.699291 -0.996879
0.700522 -0.995685
0.701753 -0.994164
0.702984 -0.992219
0.704215 -0.98977
0.705446 -0.986687
0.706678 -0.982839
0.707909 -0.978045
0.70914 -0.972142
0.710371 -0.964895
0.711602 -0.956048
0.712833 -0.94534
0.714065 -0.932454
0.715296 -0.917046
0.716527 -0.898773
0.717758 -0.877294
0.718989 -0.852318
0.72022 -0.823553
0.721451 -0.790815
0.722683 -0.754058
0.723914 -0.713378
0.725145 -0.669042
0.726376 -0.621551
0.727607 -0.571585
0.728838 -0.520023
0.730069 -0.467854
0.731301 -0.416076
0.732532 -0.365715
0.733763 -0.317657
0.734994 -0.272598
0.736225 -0.231001
0.737456 -0.193103
0.738687 -0.158914
0.739919 -0.128279
0.74115 -0.100867
0.742381 -0.0762426
0.743612 -0.0538882
0.744843 -0.0332317
0.746074 -0.0136643
0.747305 0.00544594
0.748537 0.0247393
0.749768 0.0448524
0.750999 0.0664053
0.75223 0.0899884
0.753461 0.116147
0.754692 0.145351
0.755923 0.177975
0.757155 0.214266
0.758386 0.254295
0.759617 0.297929
0.760848 0.344773
0.762079 0.394249
0.76331 0.445531
0.764541 0.497665
0.765773 0.549614
0.767004 0.600377
0.768235 0.649011
0.769466 0.694765
0.770697 0.737063
0.771928 0.77553
0.77316 0.810004
0.774391 0.840452
0.775622 0.867028
0.776853 0.889975
0.778084 0.909567
0.779315 0.926168
0.780546 0.940101
0.781778 0.951707
0.783009 0.961306
0.78424 0.96921
0.785471 0.975669
0.786702 0.98091
0.787933 0.985128
0.789164 0.988529
0.790396 0.991232
0.791627 0.99338
0.792858 0.995083
0.794089 0.99639
0.79532 0.997427
0.796551 0.998205
0.797782 0.998806
0.799014 0.999242
0.800245 0.999568
0.801476 0.999798
0.802707 0.999937
0.803938 1
0.805169 0.999992
0.8064 0.999907
0.807632 0.999748
0.808863 0.999497
0.810094 0.999154
0.811325 0.998682
0.812556 0.998041
0.813787 0.997195
0.815018 0.996103
0.81625 0.994702
0.817481 0.992915
0.818712 0.990639
0.819943 0.987778
0.821174 0.98418
0.822405 0.979727
0.823636 0.974212
0.824868 0.967425
0.826099 0.959139
0.82733 0.949077
0.828561 0.936937
0.829792 0.922383
0.831023 0.905098
0.832255 0.884715
0.833486 0.860915
0.834717 0.833399
0.835948 0.801987
0.837179 0.766542
0.83841 0.727119
0.839641 0.683946
0.840873 0.637421
0.842104 0.588189
0.843335 0.537047
0.844566 0.484954
0.845797 0.432926
0.847028 0.382007
0.848259 0.333117
0.849491 0.286993
0.850722 0.24423
0.851953 0.205094
0.853184 0.169714
0.854415 0.137946
0.855646 0.10952
0.856877 0.0840351
0.858109 0.0609983
0.85934 0.0398505
0.860571 0.0199955
0.861802 0.000805423
0.863033 -0.0183574
0.864264 -0.0381316
0.865495 -0.0591467
0.866727 -0.0820018
0.867958 -0.107259
0.869189 -0.13542
0.87042 -0.166892
0.871651 -0.201962
0.872882 -0.240783
0.874113 -0.283252
0.875345 -0.329107
0.876576 -0.377783
0.877807 -0.428568
0.879038 -0.480543
0.880269 -0.532665
0.8815 -0.583926
0.882731 -0.633362
0.883963 -0.680141
0.885194 -0.723616
0.886425 -0.763367
0.887656 -0.799143
0.888887 -0.830901
0.890118 -0.85874
0.891349 -0.882838
0.892581 -0.903502
0.893812 -0.921031
0.895043 -0.935805
0.896274 -0.948135
0.897505 -0.958361
0.898736 -0.966784
0.899968 -0.97369
0.901199 -0.979305
0.90243 -0.983843
0.903661 -0.987507
0.904892 -0.990425
0.906123 -0.992746
0.907354 -0.994566
0.908586 -0.995999
0.909817 -0.997115
0.911048 -0.997974
0.912279 -0.998635
0.91351 -0.999119
0.914741 -0.999473
0.915972 -0.999729
0.917204 -0.999894
0.918435 -0.999984
0.919666 -1
0.920897 -0.999942
0.922128 -0.99981
0.923359 -0.999593
0.92459 -0.999272
0.925822 -0.99885
0.927053 -0.998258
0.928284 -0.997503
0.929515 -0.996488
0.930746 -0.99521
0.931977 -0.993539
0.933208 -0.991435
0.93444 -0.988782
0.935671 -0.985445
0.936902 -0.981304
0.938133 -0.976153
0.939364 -0.969809
0.940595 -0.962037
0.941826 -0.952591
0.943058 -0.941167
0.944289 -0.927439
0.94552 -0.911078
0.946751 -0.891751
0.947982 -0.869101
0.949213 -0.842844
0.950444 -0.812729
0.951676 -0.778601
0.952907 -0.740465
0.954138 -0.698478
0.955369 -0.653003
0.9566 -0.604576
0.957831 -0.553957
0.959063 -0.502075
0.960294 -0.449918
0.961525 -0.398522
0.962756 -0.348859
0.963987 -0.301772
0.965218 -0.257842
0.966449 -0.217505
0.967681 -0.180894
0.968912 -0.147971
0.970143 -0.11849
0.971374 -0.0920919
0.972605 -0.0683112
0.973836 -0.0466092
0.975067 -0.0263978
0.976299 -0.00705968
0.97753 0.0120412
0.978761 0.0315458
0.979992 0.0520865
0.981223 0.0742746
0.982454 0.0986866
0.983685 0.125844
0.984917 0.156193
0.986148 0.190071
0.987379 0.227652
0.98861 0.268939
0.989841 0.313722
0.991072 0.361557
0.992303 0.411752
0.993535 0.463451
0.994766 0.515629
0.995997 0.567277
0.997228 0.617412
0.998459 0.665143
0.99969 0.709767
1.00092 0.750767
1.00215 0.787872
1.00338 0.820941
1.00461 0.850033
1.00585 0.875325
1.00708 0.897085
1.00831 0.915616
1.00954 0.931252
1.01077 0.94434
1.012 0.955221
1.01323 0.964219
1.01446 0.971587
1.0157 0.97759
1.01693 0.982472
1.01816 0.986389
1.01939 0.989534
1.02062 0.992031
1.02185 0.994017
1.02308 0.995573
1.02431 0.99679
1.02554 0.997709
1.02678 0.998429
1.02801 0.998976
1.02924 0.999369
1.03047 0.999659
1.0317 0.999846
1.03293 0.99996
1.03416 1
1.03539 0.999965
1.03662 0.999856
1.03786 0.999673
1.03909 0.999393
1.04032 0.999005
1.04155 0.998474
1.04278 0.997762
1.04401 0.996862
1.04524 0.995662
1.04647 0.994135
1.04771 0.992181
1.04894 0.989723
1.05017 0.986628
1.0514 0.982766
1.05263 0.977954
1.05386 0.972032
1.05509 0.964761
1.05632 0.955883
1.05755 0.945141
1.05879 0.932215
1.06002 0.916762
1.06125 0.898437
1.06248 0.876902
1.06371 0.851863
1.06494 0.823033
1.06617 0.790229
1.0674 0.753402
1.06863 0.712658
1.06987 0.668263
1.0711 0.620725
1.07233 0.570724
1.07356 0.519144
1.07479 0.466973
1.07602 0.41521
1.07725 0.364882
1.07848 0.316868
1.07971 0.271865
1.08095 0.230329
1.08218 0.192495
1.08341 0.158367
1.08464 0.12779
1.08587 0.10043
1.0871 0.0758477
1.08833 0.0535269
1.08956 0.0328939
1.0908 0.0133394
1.09203 -0.00576857
1.09326 -0.0250705
1.09449 -0.0452029
1.09572 -0.0667853
1.09695 -0.0904076
1.09818 -0.116614
1.09941 -0.145873
1.10064 -0.178556
1.10188 -0.214911
1.10311 -0.255002
1.10434 -0.298696
1.10557 -0.345589
1.1068 -0.395103
1.10803 -0.446409
1.10926 -0.498547
1.11049 -0.550484
1.11172 -0.601218
1.11296 -0.649811
1.11419 -0.695509
1.11542 -0.737745
1.11665 -0.776147
1.11788 -0.810552
1.11911 -0.840933
1.12034 -0.867444
1.12157 -0.890332
1.1228 -0.909871
1.12404 -0.926424
1.12527 -0.940316
1.1265 -0.951885
1.12773 -0.961453
1.12896 -0.969331
1.13019 -0.975767
1.13142 -0.98099
1.13265 -0.985192
1.13389 -0.98858
1.13512 -0.991272
1.13635 -0.993412
1.13758 -0.995109
1.13881 -0.99641
1.14004 -0.997443
1.14127 -0.998215
1.1425 -0.998815
1.14373 -0.999248
1.14497 -0.999573
1.1462 -0.9998
1.14743 -0.999938
1.14866 -1
1.14989 -0.99999
1.15112 -0.999904
1.15235 -0.999744
1.15358 -0.999492
1.15481 -0.999148
1.15605 -0.998673
1.15728 -0.998028
1.15851 -0.997179
1.15974 -0.996083
1.16097 -0.994675
1.1622 -0.992882
1.16343 -0.990597
1.16466 -0.987725
1.16589 -0.984112
1.16713 -0.979643
1.16836 -0.974108
1.16959 -0.967298
1.17082 -0.958985
1.17205 -0.94889
1.17328 -0.936712
1.17451 -0.922114
1.17574 -0.904781
1.17698 -0.884342
1.17821 -0.860482
1.17944 -0.832901
1.18067 -0.801421
1.1819 -0.76591
1.18313 -0.72642
1.18436 -0.683187
1.18559 -0.636611
1.18682 -0.587337
1.18806 -0.536171
1.18929 -0.484072
1.19052 -0.432053
1.19175 -0.38116
1.19298 -0.332313
1.19421 -0.286243
1.19544 -0.243538
1.19667 -0.204465
1.1979 -0.169147
1.19914 -0.137439
1.20037 -0.109066
1.2016 -0.083627
1.20283 -0.060627
1.20406 -0.039506
1.20529 -0.0196675
1.20652 -0.000483251
1.20775 0.0186847
1.20899 0.0384746
1.21022 0.059516
1.21145 0.0824071
1.21268 0.10771
1.21391 0.135924
1.21514 0.167454
1.21637 0.202586
1.2176 0.24147
1.21883 0.283998
1.22007 0.329907
1.2213 0.378626
1.22253 0.429439
1.22376 0.481425
1.22499 0.533542
1.22622 0.584779
1.22745 0.634176
1.22868 0.680904
1.22991 0.724319
1.23115 0.764005
1.23238 0.799714
1.23361 0.831403
1.23484 0.859177
1.23607 0.883215
1.2373 0.903823
1.23853 0.921302
1.23976 0.936033
1.24099 0.948325
1.24223 0.958517
1.24346 0.966913
1.24469 0.973795
1.24592 0.97939
1.24715 0.98391
1.24838 0.987562
1.24961 0.990468
1.25084 0.99278
1.25208 0.994593
1.25331 0.99602
1.25454 0.997131
1.25577 0.997988
1.257 0.998645
1.25823 0.999126
1.25946 0.999478
1.26069 0.999733
1.26192 0.999896
1.26316 0.999986
1.26439 1
1.26562 0.999941
1.26685 0.999807
1.26808 0.999588
1.26931 0.999266
1.27054 0.998841
1.27177 0.998247
1.273 0.997488
1.27424 0.996468
1.27547 0.995185
1.2767 0.993508
1.27793 0.991394
1.27916 0.988732
1.28039 0.985382
1.28162 0.981226
1.28285 0.976057
1.28408 0.96969
1.28532 0.961892
1.28655 0.952416
1.28778 0.940955
1.28901 0.927186
1.29024 0.910778
1.29147 0.891398
1.2927 0.868689
1.29393 0.842368
1.29517 0.812186
1.2964 0.777989
1.29763 0.739787
1.29886 0.697737
1.30009 0.652207
1.30132 0.603737
1.30255 0.55309
1.30378 0.501193
1.30501 0.449041
1.30625 0.397667
1.30748 0.34804
1.30871 0.301002
1.30994 0.25713
1.31117 0.216855
1.3124 0.180308
1.31363 0.147445
1.31486 0.11802
1.31609 0.0916697
1.31733 0.0679288
1.31856 0.046257
1.31979 0.0260656
1.32102 0.00673681
1.32225 -0.0123656
1.32348 -0.0318824
1.32471 -0.0524459
1.32594 -0.0746669
1.32718 -0.0991212
1.32841 -0.126329
1.32964 -0.156735
1.33087 -0.190676
1.3321 -0.22832
1.33333 -0.269669
1.33456 -0.314507
1.33579 -0.362388
1.33702 -0.412616
1.33826 -0.464331
1.33949 -0.516508
1.34072 -0.56814
1.34195 -0.618241
1.34318 -0.665925
1.34441 -0.710491
1.34564 -0.751428
1.34687 -0.788463
1.3481 -0.821466
1.34934 -0.850492
1.35057 -0.875721
1.3518 -0.897424
1.35303 -0.915904
1.35426 -0.931494
1.35549 -0.944541
1.35672 -0.955387
1.35795 -0.964355
1.35918 -0.971699
1.36042 -0.977681
1.36165 -0.982546
1.36288 -0.986449
1.36411 -0.989582
1.36534 -0.992069
1.36657 -0.994047
1.3678 -0.995595
1.36903 -0.996808
1.37027 -0.997722
1.3715 -0.99844
1.37273 -0.998984
1.37396 -0.999375
1.37519 -0.999663
1.37642 -0.999849
1.37765 -0.999962
1.37888 -1
1.38011 -0.999964
1.38135 -0.999854
1.38258 -0.99967
1.38381 -0.999387
1.38504 -0.998998
1.38627 -0.998463
1.3875 -0.997749
1.38873 -0.996844
1.38996 -0.99564
1.39119 -0.994106
1.39243 -0.992144
1.39366 -0.989676
1.39489 -0.986568
1.39612 -0.982693
1.39735 -0.977864
1.39858 -0.971921
1.39981 -0.964626
1.40104 -0.955718
1.40227 -0.944942
1.40351 -0.931975
1.40474 -0.916477
1.40597 -0.898101
1.4072 -0.876509
1.40843 -0.851407
1.40966 -0.822512
1.41089 -0.789641
1.41212 -0.752745
1.41336 -0.711937
1.41459 -0.667485
1.41582 -0.619897
1.41705 -0.569863
1.41828 -0.518265
1.41951 -0.466092
1.42074 -0.414345
1.42197 -0.36405
1.4232 -0.31608
1.42444 -0.271132
1.42567 -0.229658
1.4269 -0.191888
1.42813 -0.157822
1.42936 -0.127302
1.43059 -0.0999926
1.43182 -0.0754535
1.43305 -0.0531661
1.43428 -0.0325564
1.43552 -0.0130147
1.43675 0.00609126
1.43798 0.0254019
1.43921 0.0455538
1.44044 0.0671659
1.44167 0.0908276
1.4429 0.117082
1.44413 0.146396
1.44537 0.179139
1.4466 0.215558
1.44783 0.255711
1.44906 0.299464
1.45029 0.346405
1.45152 0.395957
1.45275 0.447286
1.45398 0.499429
1.45521 0.551353
1.45645 0.602058
1.45768 0.650611
1.45891 0.696253
1.46014 0.738427
1.46137 0.776762
1.4626 0.811098
1.46383 0.841413
1.46506 0.86786
1.46629 0.890688
1.46753 0.910174
1.46876 0.926679
1.46999 0.940529
1.47122 0.952062
1.47245 0.961599
1.47368 0.969451
1.47491 0.975864
1.47614 0.981069
1.47737 0.985256
1.47861 0.988631
1.47984 0.991313
1.48107 0.993444
1.4823 0.995134
1.48353 0.996429
1.48476 0.997458
1.48599 0.998226
1.48722 0.998823
1.48846 0.999254
1.48969 0.999578
1.49092 0.999803
1.49215 0.999939
1.49338 1
1.49461 0.999989
1.49584 0.999902
1.49707 0.999741
1.4983 0.999487
1.49954 0.999141
1.50077 0.998664
1.502 0.998015
1.50323 0.997163
1.50446 0.996062
1.50569 0.994648
1.50692 0.992848
1.50815 0.990554
1.50938 0.987671
1.51062 0.984045
1.51185 0.979559
1.51308 0.974004
1.51431 0.96717
1.51554 0.958829
1.51677 0.948702
1.518 0.936486
1.51923 0.921844
1.52046 0.904462
1.5217 0.883967
1.52293 0.860048
1.52416 0.832403
1.52539 0.800853
1.52662 0.765276
1.52785 0.725721
1.52908 0.682427
1.53031 0.6358
1.53155 0.586485
1.53278 0.535295
1.53401 0.483189
1.53524 0.431181
1.53647 0.380315
1.5377 0.331511
1.53893 0.285494
1.54016 0.242848
1.54139 0.203838
1.54263 0.168582
1.54386 0.136933
1.54509 0.108613
1.54632 0.0832197
1.54755 0.0602561
1.54878 0.0391619
1.55001 0.0193397
1.55124 0.000161083
1.55247 -0.0190121
1.55371 -0.0388181
1.55494 -0.0598858
1.55617 -0.0828131
1.5574 -0.108161
1.55863 -0.136428
1.55986 -0.168018
1.56109 -0.203211
1.56232 -0.242158
1.56356 -0.284746
1.56479 -0.330709
1.56602 -0.37947
1.56725 -0.43031
1.56848 -0.482307
1.56971 -0.534419
1.57094 -0.585632
1.57217 -0.634989
1.5734 -0.681666
1.57464 -0.72502
1.57587 -0.764641
1.5771 -0.800284
1.57833 -0.831903
1.57956 -0.859613
1.58079 -0.883592
1.58202 -0.904143
1.58325 -0.921573
1.58448 -0.93626
1.58572 -0.948514
1.58695 -0.958674
1.58818 -0.967041
1.58941 -0.9739
1.59064 -0.979474
1.59187 -0.983978
1.5931 -0.987616
1.59433 -0.990511
1.59556 -0.992814
1.5968 -0.99462
1.59803 -0.996041
1.59926 -0.997147
1.60049 -0.998001
1.60172 -0.998654
1.60295 -0.999134
1.60418 -0.999482
1.60541 -0.999737
1.60665 -0.999899
1.60788 -0.999987
1.60911 -0.999981
1.61034 -0.999923
1.61157 -0.999787
1.6128 -0.999578
1.61403 -0.99926
1.61526 -0.998832
1.61649 -0.998255
1.61773 -0.997474
1.61896 -0.996486
1.62019 -0.995181
1.62142 -0.993534
1.62265 -0.991419
1.62388 -0.988755
1.62511 -0.985429
1.62634 -0.981257
1.62757 -0.976107
1.62881 -0.969755
1.63004 -0.961986
1.63127 -0.952521
1.6325 -0.941075
1.63373 -0.927339
1.63496 -0.910969
1.63619 -0.891626
1.63742 -0.868989
1.63865 -0.842751
1.63989 -0.812691
1.64112 -0.77865
1.64235 -0.740663
1.64358 -0.698894
1.64481 -0.653709
1.64604 -0.605679
1.64727 -0.555601
1.6485 -0.504414
1.64974 -0.453151
1.65097 -0.402838
1.6522 -0.354508
1.65343 -0.308982
1.65466 -0.266929
1.65589 -0.228745
1.65712 -0.194647
1.65835 -0.164619
1.65958 -0.138502
1.66082 -0.116026
1.66205 -0.0968537
1.66328 -0.0806151
1.66451 -0.0669435
1.66574 -0.0554871
1.66697 -0.0459239
1.6682 -0.0379637
1.66943 -0.0313561
1.67066 -0.0258801
1.6719 -0.0213479
1.67313 -0.0176015
1.67436 -0.0145081
1.67559 -0.0119552
1.67682 -0.00984944
1.67805 -0.00811332
1.67928 -0.00668248
1.68051 -0.00550342
1.68175 -0.00453206
1.68298 -0.0037319
1.68421 -0.00307285
1.68544 -0.00253024
1.68667 -0.00208334
1.6879 -0.00171527
1.68913 -0.00141226
1.69036 -0.00116275
1.69159 -0.000957319
1.69283 -0.000788189
1.69406 -0.000648941
1.69529 -0.000534292
1.69652 -0.000439916
1.69775 -0.000362218
1.69898 -0.000298246
1.70021 -0.000245592
1.70144 -0.000202252
1.70267 -0.00016658
1.70391 -0.000137227
1.70514 -0.00011308
1.70637 -9.32204e-005
1.7076 -7.68975e-005
1.70883 -6.34906e-005
1.71006 -5.24919e-005
1.71129 -4.34849e-005
1.71252 -3.61263e-005
1.71375 -3.0139e-005
1.71499 -2.52936e-005
1.71622 -2.14076e-005
1.71745 -1.83331e-005
1.71868 -1.59556e-005
1.71991 -1.41825e-005
1.72114 -1.29472e-005
1.72237 -1.22029e-005
