? VERSION = 1.0
? COLUMNS ZPOS GAMMA0 DELGAM EMITX EMITY BETAX BETAY XBEAM YBEAM PXBEAM PYBEAM ALPHAX ALPHAY CURPEAK ELOSS
0.000000e+00    3.302705e+01    1.579472e-02    2.946402e-06    3.212347e-06    1.685559e+01    8.519524e-01    0.000000e+00    0.000000e+00    0.000000e+00    0.000000e+00    9.262754e+00    2.826652e+00    0.000000e+00    0.000000e+00   
4.176637e-05    3.302705e+01    1.579472e-02    2.946402e-06    3.212347e-06    1.685559e+01    8.519524e-01    0.000000e+00    0.000000e+00    0.000000e+00    0.000000e+00    9.262754e+00    2.826652e+00    3.947814e-01    0.000000e+00   
1.252991e-04    3.303232e+01    1.558553e-02    5.301626e-06    3.021264e-06    2.049927e+01    7.512982e-01    0.000000e+00    0.000000e+00    0.000000e+00    0.000000e+00    1.148362e+01    3.107899e+00    7.895629e-01    0.000000e+00   
2.088318e-04    3.303983e+01    1.563121e-02    3.839556e-06    4.267543e-06    1.837114e+01    8.642462e-01    0.000000e+00    0.000000e+00    0.000000e+00    0.000000e+00    1.023739e+01    3.717283e+00    1.292012e+00    0.000000e+00   
2.923646e-04    3.304719e+01    1.592044e-02    4.108524e-06    4.012582e-06    2.252289e+01    7.714808e-01    0.000000e+00    0.000000e+00    0.000000e+00    0.000000e+00    1.231644e+01    3.245347e+00    2.225132e+00    0.000000e+00   
3.758973e-04    3.305409e+01    1.649407e-02    3.707206e-06    4.181865e-06    2.035321e+01    7.112617e-01    0.000000e+00    0.000000e+00    0.000000e+00    0.000000e+00    1.124475e+01    3.080530e+00    3.876036e+00    0.000000e+00   
4.594300e-04    3.306118e+01    1.593374e-02    4.076895e-06    3.801946e-06    2.038284e+01    7.589668e-01    0.000000e+00    0.000000e+00    0.000000e+00    0.000000e+00    1.123880e+01    3.335101e+00    6.747173e+00    0.000000e+00   
5.429627e-04    3.306848e+01    1.681826e-02    3.961415e-06    3.909342e-06    1.936201e+01    7.293493e-01    0.000000e+00    0.000000e+00    0.000000e+00    0.000000e+00    1.066706e+01    3.126130e+00    1.137688e+01    0.000000e+00   
6.264955e-04    3.307555e+01    1.617131e-02    3.925717e-06    4.055071e-06    1.995060e+01    7.413006e-01    0.000000e+00    0.000000e+00    0.000000e+00    0.000000e+00    1.096415e+01    3.304987e+00    1.898540e+01    0.000000e+00   
7.100282e-04    3.308286e+01    1.644957e-02    4.004106e-06    3.993880e-06    1.995373e+01    7.456280e-01    0.000000e+00    0.000000e+00    0.000000e+00    0.000000e+00    1.099300e+01    3.253101e+00    3.082884e+01    0.000000e+00   
7.935609e-04    3.308992e+01    1.624551e-02    4.017957e-06    4.022976e-06    1.978193e+01    7.437988e-01    0.000000e+00    0.000000e+00    0.000000e+00    0.000000e+00    1.087708e+01    3.235693e+00    4.776855e+01    0.000000e+00   
8.770937e-04    3.309713e+01    1.632668e-02    4.001124e-06    3.997788e-06    1.989020e+01    7.467899e-01    0.000000e+00    0.000000e+00    0.000000e+00    0.000000e+00    1.094617e+01    3.255283e+00    6.984042e+01    0.000000e+00   
9.606264e-04    3.310427e+01    1.633870e-02    3.991899e-06    4.000852e-06    1.978808e+01    7.445588e-01    0.000000e+00    0.000000e+00    0.000000e+00    0.000000e+00    1.088373e+01    3.243048e+00    9.517821e+01    0.000000e+00   
1.044159e-03    3.311142e+01    1.630305e-02    4.007344e-06    4.002387e-06    1.990196e+01    7.434791e-01    0.000000e+00    0.000000e+00    0.000000e+00    0.000000e+00    1.094676e+01    3.248211e+00    1.200136e+02    0.000000e+00   
1.127692e-03    3.311856e+01    1.631027e-02    3.995342e-06    4.002595e-06    1.986935e+01    7.441735e-01    0.000000e+00    0.000000e+00    0.000000e+00    0.000000e+00    1.092061e+01    3.248966e+00    1.413318e+02    0.000000e+00   
1.211225e-03    3.312572e+01    1.631030e-02    4.011232e-06    4.009236e-06    1.983351e+01    7.472997e-01    0.000000e+00    0.000000e+00    0.000000e+00    0.000000e+00    1.089570e+01    3.257304e+00    1.576972e+02    0.000000e+00   
1.294757e-03    3.313291e+01    1.634779e-02    3.990976e-06    3.982151e-06    1.994626e+01    7.445498e-01    0.000000e+00    0.000000e+00    0.000000e+00    0.000000e+00    1.096283e+01    3.249642e+00    1.684281e+02    0.000000e+00   
1.378290e-03    3.314010e+01    1.630287e-02    4.008483e-06    4.013219e-06    1.988362e+01    7.458429e-01    0.000000e+00    0.000000e+00    0.000000e+00    0.000000e+00    1.092282e+01    3.252725e+00    1.755342e+02    0.000000e+00   
1.461823e-03    3.314727e+01    1.631672e-02    4.012853e-06    4.000075e-06    1.986015e+01    7.446233e-01    0.000000e+00    0.000000e+00    0.000000e+00    0.000000e+00    1.091239e+01    3.243743e+00    1.800921e+02    0.000000e+00   
1.545356e-03    3.315445e+01    1.634580e-02    3.977476e-06    3.992833e-06    1.994841e+01    7.465021e-01    0.000000e+00    0.000000e+00    0.000000e+00    0.000000e+00    1.094650e+01    3.258332e+00    1.823531e+02    0.000000e+00   
1.628888e-03    3.316164e+01    1.629359e-02    4.013349e-06    4.005310e-06    1.987301e+01    7.473684e-01    0.000000e+00    0.000000e+00    0.000000e+00    0.000000e+00    1.091088e+01    3.256004e+00    1.838964e+02    0.000000e+00   
1.712421e-03    3.316883e+01    1.635210e-02    3.998697e-06    4.003494e-06    1.993178e+01    7.467057e-01    0.000000e+00    0.000000e+00    0.000000e+00    0.000000e+00    1.093631e+01    3.249126e+00    1.850448e+02    0.000000e+00   
1.795954e-03    3.317602e+01    1.633573e-02    3.993972e-06    4.003027e-06    1.991902e+01    7.446505e-01    0.000000e+00    0.000000e+00    0.000000e+00    0.000000e+00    1.093653e+01    3.246355e+00    1.852602e+02    0.000000e+00   
1.879486e-03    3.318323e+01    1.630550e-02    4.001649e-06    3.999524e-06    1.993317e+01    7.486299e-01    0.000000e+00    0.000000e+00    0.000000e+00    0.000000e+00    1.093363e+01    3.260324e+00    1.855832e+02    0.000000e+00   
1.963019e-03    3.319042e+01    1.636047e-02    3.989281e-06    4.006478e-06    1.996847e+01    7.451632e-01    0.000000e+00    0.000000e+00    0.000000e+00    0.000000e+00    1.095307e+01    3.248401e+00    1.857985e+02    0.000000e+00   
2.046552e-03    3.319759e+01    1.631223e-02    4.021983e-06    3.994986e-06    1.983819e+01    7.461918e-01    0.000000e+00    0.000000e+00    0.000000e+00    0.000000e+00    1.088257e+01    3.244117e+00    1.860138e+02    0.000000e+00   
2.130085e-03    3.320480e+01    1.631710e-02    4.001990e-06    3.993227e-06    1.998390e+01    7.470874e-01    0.000000e+00    0.000000e+00    0.000000e+00    0.000000e+00    1.096004e+01    3.252617e+00    1.859421e+02    0.000000e+00   
2.213617e-03    3.321199e+01    1.632506e-02    3.995451e-06    4.001125e-06    1.992767e+01    7.476580e-01    0.000000e+00    0.000000e+00    0.000000e+00    0.000000e+00    1.092005e+01    3.251894e+00    1.858703e+02    0.000000e+00   
2.297150e-03    3.321917e+01    1.630636e-02    3.995687e-06    3.997723e-06    1.995652e+01    7.454675e-01    0.000000e+00    0.000000e+00    0.000000e+00    0.000000e+00    1.093969e+01    3.244538e+00    1.862651e+02    0.000000e+00   
2.380683e-03    3.322637e+01    1.633008e-02    3.993762e-06    3.997612e-06    1.992303e+01    7.475395e-01    0.000000e+00    0.000000e+00    0.000000e+00    0.000000e+00    1.091766e+01    3.251590e+00    1.859062e+02    0.000000e+00   
2.464216e-03    3.323356e+01    1.631375e-02    3.999132e-06    4.003245e-06    1.992246e+01    7.477636e-01    0.000000e+00    0.000000e+00    0.000000e+00    0.000000e+00    1.091559e+01    3.251749e+00    1.860497e+02    0.000000e+00   
2.547748e-03    3.324076e+01    1.631997e-02    4.012449e-06    4.000038e-06    1.994014e+01    7.477365e-01    0.000000e+00    0.000000e+00    0.000000e+00    0.000000e+00    1.091833e+01    3.249410e+00    1.861215e+02    0.000000e+00   
2.631281e-03    3.324794e+01    1.632048e-02    3.997487e-06    3.995914e-06    2.000323e+01    7.470750e-01    0.000000e+00    0.000000e+00    0.000000e+00    0.000000e+00    1.095472e+01    3.248570e+00    1.860138e+02    0.000000e+00   
2.714814e-03    3.325513e+01    1.631591e-02    4.007398e-06    4.003070e-06    1.990672e+01    7.481562e-01    0.000000e+00    0.000000e+00    0.000000e+00    0.000000e+00    1.089662e+01    3.249685e+00    1.859421e+02    0.000000e+00   
2.798346e-03    3.326234e+01    1.632095e-02    3.986223e-06    4.003184e-06    2.001470e+01    7.471547e-01    0.000000e+00    0.000000e+00    0.000000e+00    0.000000e+00    1.095375e+01    3.242405e+00    1.862292e+02    0.000000e+00   
2.881879e-03    3.326953e+01    1.633083e-02    4.006667e-06    4.005189e-06    1.999770e+01    7.483942e-01    0.000000e+00    0.000000e+00    0.000000e+00    0.000000e+00    1.094317e+01    3.251716e+00    1.859062e+02    0.000000e+00   
2.965412e-03    3.327672e+01    1.634165e-02    3.994451e-06    3.994132e-06    1.998165e+01    7.493832e-01    0.000000e+00    0.000000e+00    0.000000e+00    0.000000e+00    1.092867e+01    3.259328e+00    1.860138e+02    0.000000e+00   
3.048945e-03    3.328391e+01    1.629468e-02    4.008095e-06    4.002281e-06    1.999499e+01    7.482238e-01    0.000000e+00    0.000000e+00    0.000000e+00    0.000000e+00    1.094145e+01    3.247931e+00    1.861574e+02    0.000000e+00   
3.132477e-03    3.329111e+01    1.632453e-02    3.995613e-06    3.995776e-06    1.996583e+01    7.476474e-01    0.000000e+00    0.000000e+00    0.000000e+00    0.000000e+00    1.091783e+01    3.242562e+00    1.860138e+02    0.000000e+00   
3.216010e-03    3.329828e+01    1.634406e-02    4.003971e-06    4.003383e-06    1.999209e+01    7.491404e-01    0.000000e+00    0.000000e+00    0.000000e+00    0.000000e+00    1.093137e+01    3.251765e+00    1.860497e+02    0.000000e+00   
3.299543e-03    3.330549e+01    1.631630e-02    3.997373e-06    4.001641e-06    1.999785e+01    7.481920e-01    0.000000e+00    0.000000e+00    0.000000e+00    0.000000e+00    1.092974e+01    3.246978e+00    1.860856e+02    0.000000e+00   
3.383076e-03    3.331268e+01    1.632734e-02    4.001352e-06    4.012007e-06    1.998201e+01    7.517669e-01    0.000000e+00    0.000000e+00    0.000000e+00    0.000000e+00    1.092170e+01    3.262912e+00    1.860138e+02    0.000000e+00   
3.466608e-03    3.331986e+01    1.632954e-02    3.993644e-06    3.990536e-06    2.000118e+01    7.492885e-01    0.000000e+00    0.000000e+00    0.000000e+00    0.000000e+00    1.093384e+01    3.251182e+00    1.860856e+02    0.000000e+00   
3.550141e-03    3.332705e+01    1.632451e-02    4.006497e-06    4.007841e-06    1.995521e+01    7.495942e-01    0.000000e+00    0.000000e+00    0.000000e+00    0.000000e+00    1.089747e+01    3.248156e+00    1.860138e+02    0.000000e+00   
3.633674e-03    3.333427e+01    1.631373e-02    3.990528e-06    3.990323e-06    2.009164e+01    7.494319e-01    0.000000e+00    0.000000e+00    0.000000e+00    0.000000e+00    1.097372e+01    3.251466e+00    1.860856e+02    0.000000e+00   
3.717206e-03    3.334145e+01    1.629733e-02    4.001440e-06    4.000285e-06    1.999498e+01    7.493274e-01    0.000000e+00    0.000000e+00    0.000000e+00    0.000000e+00    1.092141e+01    3.249032e+00    1.859779e+02    0.000000e+00   
3.800739e-03    3.334864e+01    1.633031e-02    4.006234e-06    3.997797e-06    2.004589e+01    7.501879e-01    0.000000e+00    0.000000e+00    0.000000e+00    0.000000e+00    1.094096e+01    3.243916e+00    1.861215e+02    0.000000e+00   
3.884272e-03    3.335583e+01    1.633554e-02    3.997937e-06    4.004154e-06    2.002789e+01    7.491422e-01    0.000000e+00    0.000000e+00    0.000000e+00    0.000000e+00    1.093080e+01    3.252322e+00    1.860138e+02    0.000000e+00   
3.967805e-03    3.336302e+01    1.632613e-02    4.003819e-06    3.995715e-06    2.001086e+01    7.512969e-01    0.000000e+00    0.000000e+00    0.000000e+00    0.000000e+00    1.092788e+01    3.250835e+00    1.860856e+02    0.000000e+00   
4.051337e-03    3.337022e+01    1.631986e-02    3.996388e-06    4.000365e-06    2.000531e+01    7.515536e-01    0.000000e+00    0.000000e+00    0.000000e+00    0.000000e+00    1.090956e+01    3.255840e+00    1.859779e+02    0.000000e+00   
4.134870e-03    3.337740e+01    1.629969e-02    3.991977e-06    3.988404e-06    2.005470e+01    7.488378e-01    0.000000e+00    0.000000e+00    0.000000e+00    0.000000e+00    1.093828e+01    3.243632e+00    1.861215e+02    0.000000e+00   
4.218403e-03    3.338461e+01    1.629914e-02    3.994779e-06    3.998137e-06    2.009000e+01    7.505787e-01    0.000000e+00    0.000000e+00    0.000000e+00    0.000000e+00    1.095492e+01    3.253242e+00    1.859421e+02    0.000000e+00   
4.301936e-03    3.339179e+01    1.631890e-02    4.006245e-06    3.992615e-06    1.999870e+01    7.513526e-01    0.000000e+00    0.000000e+00    0.000000e+00    0.000000e+00    1.090791e+01    3.248824e+00    1.861215e+02    0.000000e+00   
4.385468e-03    3.339899e+01    1.633019e-02    4.000619e-06    4.003467e-06    2.007104e+01    7.513182e-01    0.000000e+00    0.000000e+00    0.000000e+00    0.000000e+00    1.093781e+01    3.252624e+00    1.859779e+02    0.000000e+00   
4.469001e-03    3.340617e+01    1.631590e-02    3.997655e-06    4.001731e-06    2.002100e+01    7.503091e-01    0.000000e+00    0.000000e+00    0.000000e+00    0.000000e+00    1.090704e+01    3.239035e+00    1.860856e+02    0.000000e+00   
4.552534e-03    3.341337e+01    1.630373e-02    3.999015e-06    4.001905e-06    2.008195e+01    7.522401e-01    0.000000e+00    0.000000e+00    0.000000e+00    0.000000e+00    1.094064e+01    3.258362e+00    1.859779e+02    0.000000e+00   
4.636067e-03    3.342056e+01    1.636886e-02    3.993127e-06    3.988681e-06    2.002624e+01    7.516266e-01    0.000000e+00    0.000000e+00    0.000000e+00    0.000000e+00    1.091565e+01    3.250836e+00    1.860856e+02    0.000000e+00   
4.719599e-03    3.342776e+01    1.631151e-02    4.005987e-06    4.010833e-06    2.002870e+01    7.516790e-01    0.000000e+00    0.000000e+00    0.000000e+00    0.000000e+00    1.090639e+01    3.246933e+00    1.860138e+02    0.000000e+00   
4.803132e-03    3.343494e+01    1.632403e-02    4.001670e-06    3.994751e-06    2.010118e+01    7.523171e-01    0.000000e+00    0.000000e+00    0.000000e+00    0.000000e+00    1.094500e+01    3.253807e+00    1.860856e+02    0.000000e+00   
4.886665e-03    3.344214e+01    1.632858e-02    4.002781e-06    4.003884e-06    2.011821e+01    7.502825e-01    0.000000e+00    0.000000e+00    0.000000e+00    0.000000e+00    1.095338e+01    3.244044e+00    1.860138e+02    0.000000e+00   
4.970197e-03    3.344932e+01    1.631208e-02    3.996032e-06    4.000038e-06    2.009359e+01    7.523227e-01    0.000000e+00    0.000000e+00    0.000000e+00    0.000000e+00    1.093896e+01    3.248771e+00    1.860856e+02    0.000000e+00   
5.053730e-03    3.345653e+01    1.633223e-02    4.002316e-06    3.996142e-06    2.009434e+01    7.529530e-01    0.000000e+00    0.000000e+00    0.000000e+00    0.000000e+00    1.093348e+01    3.250792e+00    1.860138e+02    0.000000e+00   
5.137263e-03    3.346371e+01    1.629748e-02    3.996724e-06    3.996362e-06    2.007955e+01    7.520173e-01    0.000000e+00    0.000000e+00    0.000000e+00    0.000000e+00    1.092244e+01    3.244162e+00    1.861215e+02    0.000000e+00   
5.220796e-03    3.347091e+01    1.633423e-02    4.003772e-06    4.007858e-06    2.009374e+01    7.531966e-01    0.000000e+00    0.000000e+00    0.000000e+00    0.000000e+00    1.092880e+01    3.252698e+00    1.859421e+02    0.000000e+00   
5.304328e-03    3.347809e+01    1.634307e-02    3.995215e-06    3.998363e-06    2.009687e+01    7.545844e-01    0.000000e+00    0.000000e+00    0.000000e+00    0.000000e+00    1.093401e+01    3.257565e+00    1.862292e+02    0.000000e+00   
5.387861e-03    3.348530e+01    1.629605e-02    4.011116e-06    3.998850e-06    2.007448e+01    7.524267e-01    0.000000e+00    0.000000e+00    0.000000e+00    0.000000e+00    1.091344e+01    3.247192e+00    1.859421e+02    0.000000e+00   
5.471394e-03    3.349248e+01    1.633299e-02    3.982874e-06    4.002771e-06    2.014145e+01    7.539553e-01    0.000000e+00    0.000000e+00    0.000000e+00    0.000000e+00    1.094834e+01    3.249450e+00    1.859421e+02    0.000000e+00   
5.554927e-03    3.349969e+01    1.633710e-02    4.005226e-06    4.004619e-06    2.003006e+01    7.531089e-01    0.000000e+00    0.000000e+00    0.000000e+00    0.000000e+00    1.088495e+01    3.254939e+00    1.861933e+02    0.000000e+00   
5.638459e-03    3.350686e+01    1.631949e-02    3.994424e-06    4.001916e-06    2.021360e+01    7.521987e-01    0.000000e+00    0.000000e+00    0.000000e+00    0.000000e+00    1.098542e+01    3.242746e+00    1.860138e+02    0.000000e+00   
5.721992e-03    3.351405e+01    1.631744e-02    4.017389e-06    3.992122e-06    2.006956e+01    7.529994e-01    0.000000e+00    0.000000e+00    0.000000e+00    0.000000e+00    1.089556e+01    3.243468e+00    1.859421e+02    0.000000e+00   
5.805525e-03    3.352127e+01    1.630521e-02    3.991886e-06    4.009906e-06    2.013901e+01    7.548277e-01    0.000000e+00    0.000000e+00    0.000000e+00    0.000000e+00    1.094255e+01    3.258493e+00    1.862292e+02    0.000000e+00   
5.889057e-03    3.352845e+01    1.633179e-02    3.995119e-06    4.005889e-06    2.015671e+01    7.548812e-01    0.000000e+00    0.000000e+00    0.000000e+00    0.000000e+00    1.094477e+01    3.253254e+00    1.859062e+02    0.000000e+00   
5.972590e-03    3.353564e+01    1.633957e-02    4.000728e-06    4.003908e-06    2.013124e+01    7.554240e-01    0.000000e+00    0.000000e+00    0.000000e+00    0.000000e+00    1.092953e+01    3.251741e+00    1.859779e+02    0.000000e+00   
6.056123e-03    3.354282e+01    1.632697e-02    4.003660e-06    3.994569e-06    2.012584e+01    7.547162e-01    0.000000e+00    0.000000e+00    0.000000e+00    0.000000e+00    1.092043e+01    3.254836e+00    1.861933e+02    0.000000e+00   
6.139656e-03    3.355002e+01    1.634028e-02    4.009301e-06    3.997635e-06    2.015394e+01    7.536485e-01    0.000000e+00    0.000000e+00    0.000000e+00    0.000000e+00    1.094423e+01    3.242507e+00    1.859421e+02    0.000000e+00   
6.223188e-03    3.355722e+01    1.633271e-02    4.003415e-06    4.003646e-06    2.013032e+01    7.553870e-01    0.000000e+00    0.000000e+00    0.000000e+00    0.000000e+00    1.091780e+01    3.253980e+00    1.859062e+02    0.000000e+00   
6.306721e-03    3.356439e+01    1.631697e-02    3.988512e-06    4.005223e-06    2.022616e+01    7.545982e-01    0.000000e+00    0.000000e+00    0.000000e+00    0.000000e+00    1.096868e+01    3.252048e+00    1.860856e+02    0.000000e+00   
6.390254e-03    3.357160e+01    1.629821e-02    4.000644e-06    3.998317e-06    2.010852e+01    7.557886e-01    0.000000e+00    0.000000e+00    0.000000e+00    0.000000e+00    1.090257e+01    3.253603e+00    1.857267e+02    0.000000e+00   
6.473787e-03    3.357879e+01    1.633154e-02    3.995777e-06    4.004242e-06    2.016114e+01    7.544269e-01    0.000000e+00    0.000000e+00    0.000000e+00    0.000000e+00    1.093545e+01    3.245416e+00    1.855832e+02    0.000000e+00   
6.557319e-03    3.358598e+01    1.631412e-02    4.008010e-06    3.997735e-06    2.015707e+01    7.548108e-01    0.000000e+00    0.000000e+00    0.000000e+00    0.000000e+00    1.092524e+01    3.247588e+00    1.853319e+02    0.000000e+00   
6.640852e-03    3.359317e+01    1.631432e-02    4.004113e-06    3.992995e-06    2.012402e+01    7.547326e-01    0.000000e+00    0.000000e+00    0.000000e+00    0.000000e+00    1.090877e+01    3.244808e+00    1.849730e+02    0.000000e+00   
6.724385e-03    3.360036e+01    1.631580e-02    3.990492e-06    3.997429e-06    2.020357e+01    7.564288e-01    0.000000e+00    0.000000e+00    0.000000e+00    0.000000e+00    1.094527e+01    3.253717e+00    1.838605e+02    0.000000e+00   
6.807917e-03    3.360756e+01    1.632473e-02    4.012132e-06    3.997742e-06    2.012002e+01    7.538799e-01    0.000000e+00    0.000000e+00    0.000000e+00    0.000000e+00    1.089860e+01    3.241520e+00    1.824608e+02    0.000000e+00   
6.891450e-03    3.361474e+01    1.634298e-02    3.994692e-06    4.002275e-06    2.021909e+01    7.560247e-01    0.000000e+00    0.000000e+00    0.000000e+00    0.000000e+00    1.094902e+01    3.251851e+00    1.800203e+02    0.000000e+00   
6.974983e-03    3.362192e+01    1.632515e-02    3.979464e-06    3.995107e-06    2.025349e+01    7.546824e-01    0.000000e+00    0.000000e+00    0.000000e+00    0.000000e+00    1.097231e+01    3.239027e+00    1.754983e+02    0.000000e+00   
7.058516e-03    3.362910e+01    1.630328e-02    4.009157e-06    3.999661e-06    2.010977e+01    7.577172e-01    0.000000e+00    0.000000e+00    0.000000e+00    0.000000e+00    1.088222e+01    3.255302e+00    1.684999e+02    0.000000e+00   
7.142048e-03    3.363628e+01    1.630531e-02    3.999150e-06    3.996780e-06    2.021286e+01    7.561456e-01    0.000000e+00    0.000000e+00    0.000000e+00    0.000000e+00    1.094429e+01    3.245439e+00    1.575896e+02    0.000000e+00   
7.225581e-03    3.364344e+01    1.636745e-02    4.008622e-06    4.002237e-06    2.018820e+01    7.562569e-01    0.000000e+00    0.000000e+00    0.000000e+00    0.000000e+00    1.092940e+01    3.247723e+00    1.413676e+02    0.000000e+00   
7.309114e-03    3.365059e+01    1.633721e-02    3.993222e-06    3.996381e-06    2.019959e+01    7.588670e-01    0.000000e+00    0.000000e+00    0.000000e+00    0.000000e+00    1.092659e+01    3.266212e+00    1.200136e+02    0.000000e+00   
7.392647e-03    3.365774e+01    1.627573e-02    4.003932e-06    4.004681e-06    2.028997e+01    7.580209e-01    0.000000e+00    0.000000e+00    0.000000e+00    0.000000e+00    1.097540e+01    3.257646e+00    9.517821e+01    0.000000e+00   
7.476179e-03    3.366488e+01    1.630810e-02    4.010538e-06    4.003122e-06    2.007966e+01    7.509706e-01    0.000000e+00    0.000000e+00    0.000000e+00    0.000000e+00    1.085238e+01    3.220317e+00    6.980453e+01    0.000000e+00   
7.559712e-03    3.367203e+01    1.633212e-02    3.961306e-06    3.987775e-06    2.040493e+01    7.620271e-01    0.000000e+00    0.000000e+00    0.000000e+00    0.000000e+00    1.104321e+01    3.283269e+00    4.773266e+01    0.000000e+00   
7.643245e-03    3.367926e+01    1.624809e-02    4.032073e-06    4.018215e-06    2.011573e+01    7.493101e-01    0.000000e+00    0.000000e+00    0.000000e+00    0.000000e+00    1.085870e+01    3.213811e+00    3.079295e+01    0.000000e+00   
7.726778e-03    3.368635e+01    1.649720e-02    3.968886e-06    3.977383e-06    2.025374e+01    7.570720e-01    0.000000e+00    0.000000e+00    0.000000e+00    0.000000e+00    1.097295e+01    3.226208e+00    1.894951e+01    0.000000e+00   
7.810310e-03    3.369348e+01    1.595855e-02    4.149956e-06    3.998990e-06    2.079520e+01    7.525366e-01    0.000000e+00    0.000000e+00    0.000000e+00    0.000000e+00    1.121608e+01    3.274571e+00    1.144866e+01    0.000000e+00   
7.893843e-03    3.370061e+01    1.681485e-02    3.818521e-06    3.954274e-06    1.976153e+01    7.631669e-01    0.000000e+00    0.000000e+00    0.000000e+00    0.000000e+00    1.049757e+01    3.393495e+00    6.675395e+00    0.000000e+00   
7.977376e-03    3.370781e+01    1.548400e-02    4.138721e-06    3.883904e-06    2.243837e+01    8.218168e-01    0.000000e+00    0.000000e+00    0.000000e+00    0.000000e+00    1.227092e+01    3.280295e+00    3.911925e+00    0.000000e+00   
8.060908e-03    3.371555e+01    1.715975e-02    3.959176e-06    3.662114e-06    1.811794e+01    7.950698e-01    0.000000e+00    0.000000e+00    0.000000e+00    0.000000e+00    9.855106e+00    3.581870e+00    2.261021e+00    0.000000e+00   
8.144441e-03    3.372211e+01    1.770495e-02    3.796201e-06    4.112122e-06    2.089360e+01    8.248361e-01    0.000000e+00    0.000000e+00    0.000000e+00    0.000000e+00    1.118903e+01    3.628005e+00    1.292012e+00    0.000000e+00   
8.227974e-03    3.373170e+01    1.725852e-02    3.585973e-06    4.784288e-06    1.940259e+01    6.517682e-01    0.000000e+00    0.000000e+00    0.000000e+00    0.000000e+00    1.080652e+01    3.103037e+00    7.536736e-01    0.000000e+00   
8.311507e-03    3.373204e+01    1.788343e-02    2.785905e-06    1.940105e-06    2.141714e+01    1.413612e+00    0.000000e+00    0.000000e+00    0.000000e+00    0.000000e+00    1.106327e+01    6.845384e+00    3.947814e-01    0.000000e+00   
8.353273e-03    3.373204e+01    1.788343e-02    2.785905e-06    1.940105e-06    2.141714e+01    1.413612e+00    0.000000e+00    0.000000e+00    0.000000e+00    0.000000e+00    1.106327e+01    6.845384e+00    0.000000e+00    0.000000e+00   
